102 80
1.411172868681 99.170417151629
1.764681356063 97.033899062803
2.255427458526 95.800051743112
2.719237855468 95.397176712387
5.139239722266 95.306414914020
5.345767108275 94.322301301613
5.722892429484 93.734259621839
6.576474600132 93.385524753648
6.991707868601 92.522903905015
7.507877115237 91.280636672333
7.743316461213 90.657223437365
11.049159190675 88.599698175561
11.393974796377 86.938798938672
11.487668292304 86.564348297443
13.940734741552 85.610963484975
14.157885640664 85.573484922659
14.501689166854 85.203813291418
14.990657010455 84.976616069424
16.543584491763 84.692093993930
18.325164122735 83.979799604202
18.537995416284 81.702761557053
21.119166381398 80.889631469649
22.927664095488 80.215090902000
23.411959657714 78.553463891573
25.401249384097 78.014323336197
25.401987873152 77.119198149879
25.961854819997 76.545489528064
27.077373827311 75.135450540978
27.633644153138 74.491200345877
27.813082511652 72.771509045111
29.692149855334 71.779094003513
33.355858840954 70.935389510000
33.421703140300 70.591745463907
34.245995680673 69.147024707502
34.522429705112 68.179629551304
36.658764684537 63.004151481061
37.054466707962 62.506229704536
37.356519852805 60.480620538287
37.765214737788 60.328759115267
39.236297208623 58.137288597260
40.921835180199 57.845942931569
42.786245983252 57.691653947128
43.828536822926 57.158950228963
44.394148054222 55.410511952918
46.549649645996 53.523389284529
46.696933204165 52.641031333018
47.451038434920 51.710813009750
48.055939566451 51.032633334289
48.357428193604 48.952975227560
49.384604434572 46.073340427821
51.920740238138 44.798598821139
54.148783449345 44.096670391162
55.403288813900 43.463863061147
56.238393096959 43.198626668450
57.528355069225 42.638269401875
57.875077286125 42.465291163909
58.029635768809 38.815672664364
58.473867879016 38.792852598691
59.209416864902 36.501290091607
61.032536215697 35.565605615988
61.052190371583 33.221980243426
61.865457780717 31.667767148727
63.459117964909 29.156372678946
63.688000622283 27.928088964403
63.822060432693 27.896824121730
63.836885578958 27.894844879527
64.485388394574 27.730792649753
65.407930106284 26.520958749126
65.634788181605 24.089514076995
67.009391630520 23.076174606976
68.838681314360 22.568896844819
72.171650055936 22.456354444261
72.622041023384 21.074917157224
74.548096633524 20.800322683449
74.827789677560 20.320723208308
75.552321246764 20.073353042461
76.125406262879 19.171983814189
76.268994146616 18.734616428355
77.733370018626 17.364377139421
78.243274481273 15.233310171645
78.380987942424 15.195020388328
78.940033521352 13.943244373991
82.669362560463 13.910785162202
82.830024756860 13.307800189648
83.968664141749 12.297479105676
87.557401593749 11.931341080136
88.421068145628 11.212157916508
90.049458579211 11.094901402968
90.117781366105 10.648428272045
90.384365338457 10.177777645324
92.036848931969 9.553934834039
92.209156369247 6.883247011414
93.357987202093 6.675536472618
94.088119171999 5.463226338974
94.861007339410 5.328935208379
94.876108499267 5.298518869640
96.505200261790 4.944450148124
97.463591552872 3.986100517669
98.239746968838 3.191777353079
98.602684350556 3.026422115087
98.661957372543 1.357175752510
99.053609937980 0.572259400535
